--------------------------------------------------------------------- 
AIRFOIL: NACA 0015 
DATA: Drag Coefficients 
--------------------------------------------------------------------- 
ORIGINAL SOURCE: Sheldahl, R. E. and Klimas, P. C., Aerodynamic 
Characteristics of Seven Airfoil Sections Through 
180 Degrees Angle of Attack for Use in Aerodynamic 
Analysis of Vertical Axis Wind Turbines, SAND80-2114, 
March 1981, Sandia National Laboratories, Albuquerque, 
New Mexico. 

NOTES: The data herein were synthesised from a combination of 
experimental results and computer calculations. 


The original report contains data for lower Reynolds numbers 
than contained herein, but there are some anomalies, in 
particular with CL at small angles of attack. 


Data extended to 360 degrees of attack and glaring anomalies 
corrected by L. Lazauskas. All deviations from the original 
are due to L. Lazauskas. 


Please refer to the original report for more details. 

------------------------------------------------------------------------ 
Drag Coefficient                                                         
-------------------------------- REYNOLDS NUMBER ----------------------- 
ALPHA   80000   160000  360000  700000  1000000 2000000 5000000 10000000 
------------------------------------------------------------------------ 
0       0.0147  0.0116  0.0091  0.0077  0.0074  0.0070  0.0068  0.0068   
1       0.0148  0.0117  0.0092  0.0078  0.0075  0.0071  0.0069  0.0068   
2       0.0151  0.0120  0.0094  0.0080  0.0076  0.0072  0.0070  0.0069   
3       0.0156  0.0124  0.0098  0.0083  0.0079  0.0075  0.0073  0.0071   
4       0.0168  0.0132  0.0105  0.0089  0.0083  0.0078  0.0075  0.0074   
5       0.0181  0.0142  0.0114  0.0098  0.0091  0.0083  0.0080  0.0077   
6       0.0197  0.0160  0.0126  0.0108  0.0101  0.0090  0.0084  0.0081   
7       0.0214  0.0176  0.0143  0.0122  0.0111  0.0098  0.0089  0.0086   
8       0.0234  0.0193  0.0157  0.0135  0.0126  0.0108  0.0095  0.0090   
9       0.0255  0.0212  0.0173  0.0149  0.0138  0.0121  0.0102  0.0096   
10      0.0277  0.0233  0.0191  0.0164  0.0152  0.0133  0.0113  0.0103   
11      0.0760  0.0256  0.0211  0.0182  0.0168  0.0146  0.0124  0.0114   
12      0.1230  0.0281  0.0233  0.0200  0.0186  0.0161  0.0136  0.0123   
13      0.1400  0.0302  0.0257  0.0221  0.0205  0.0177  0.0149  0.0134   
14      0.1580  0.1040  0.0283  0.0244  0.0225  0.0195  0.0164  0.0147   
15      0.1770  0.1770  0.0312  0.0269  0.0249  0.0215  0.0180  0.0161   
16      0.1960  0.1970  0.1240  0.0297  0.0275  0.0237  0.0198  0.0176   
17      0.2170  0.2170  0.2170  0.1340  0.0303  0.0261  0.0218  0.0194   
18      0.2380  0.2380  0.2380  0.2380  0.1450  0.0288  0.0240  0.0213   
19      0.2600  0.2600  0.2600  0.2600  0.2600  0.1550  0.0265  0.0234   
20      0.2820  0.2820  0.2820  0.2820  0.2820  0.2820  0.1660  0.0257   
21      0.3050  0.3050  0.3050  0.3050  0.3050  0.3050  0.3050  0.1770   
22      0.3290  0.3290  0.3290  0.3290  0.3290  0.3290  0.3290  0.3290   
23      0.3540  0.3540  0.3540  0.3540  0.3540  0.3540  0.3540  0.3540   
24      0.3790  0.3790  0.3790  0.3790  0.3790  0.3790  0.3790  0.3790   
25      0.4050  0.4050  0.4050  0.4050  0.4050  0.4050  0.4050  0.4050   
26      0.4320  0.4320  0.4320  0.4320  0.4320  0.4320  0.4320  0.4320   
27      0.4600  0.4600  0.4600  0.4600  0.4600  0.4600  0.4600  0.4600   
30      0.5700  0.5700  0.5700  0.5700  0.5700  0.5700  0.5700  0.5700   
35      0.7450  0.7450  0.7450  0.7450  0.7450  0.7450  0.7450  0.7450   
40      0.9200  0.9200  0.9200  0.9200  0.9200  0.9200  0.9200  0.9200   
45      1.0750  1.0750  1.0750  1.0750  1.0750  1.0750  1.0750  1.0750   
50      1.2150  1.2150  1.2150  1.2150  1.2150  1.2150  1.2150  1.2150   
55      1.3450  1.3450  1.3450  1.3450  1.3450  1.3450  1.3450  1.3450   
60      1.4700  1.4700  1.4700  1.4700  1.4700  1.4700  1.4700  1.4700   
65      1.5750  1.5750  1.5750  1.5750  1.5750  1.5750  1.5750  1.5750   
70      1.6650  1.6650  1.6650  1.6650  1.6650  1.6650  1.6650  1.6650   
75      1.7350  1.7350  1.7350  1.7350  1.7350  1.7350  1.7350  1.7350   
80      1.7800  1.7800  1.7800  1.7800  1.7800  1.7800  1.7800  1.7800   
85      1.8000  1.8000  1.8000  1.8000  1.8000  1.8000  1.8000  1.8000   
90      1.8000  1.8000  1.8000  1.8000  1.8000  1.8000  1.8000  1.8000   
95      1.7800  1.7800  1.7800  1.7800  1.7800  1.7800  1.7800  1.7800   
100     1.7500  1.7500  1.7500  1.7500  1.7500  1.7500  1.7500  1.7500   
105     1.7000  1.7000  1.7000  1.7000  1.7000  1.7000  1.7000  1.7000   
110     1.6350  1.6350  1.6350  1.6350  1.6350  1.6350  1.6350  1.6350   
115     1.5550  1.5550  1.5550  1.5550  1.5550  1.5550  1.5550  1.5550   
120     1.4650  1.4650  1.4650  1.4650  1.4650  1.4650  1.4650  1.4650   
125     1.3500  1.3500  1.3500  1.3500  1.3500  1.3500  1.3500  1.3500   
130     1.2250  1.2250  1.2250  1.2250  1.2250  1.2250  1.2250  1.2250   
135     1.0850  1.0850  1.0850  1.0850  1.0850  1.0850  1.0850  1.0850   
140     0.9250  0.9250  0.9250  0.9250  0.9250  0.9250  0.9250  0.9250   
145     0.7550  0.7550  0.7550  0.7550  0.7550  0.7550  0.7550  0.7550   
150     0.5750  0.5750  0.5750  0.5750  0.5750  0.5750  0.5750  0.5750   
155     0.4200  0.4200  0.4200  0.4200  0.4200  0.4200  0.4200  0.4200   
160     0.3200  0.3200  0.3200  0.3200  0.3200  0.3200  0.3200  0.3200   
165     0.2300  0.2300  0.2300  0.2300  0.2300  0.2300  0.2300  0.2300   
170     0.1400  0.1400  0.1400  0.1400  0.1400  0.1400  0.1400  0.1400   
175     0.0550  0.0550  0.0550  0.0550  0.0550  0.0550  0.0550  0.0550   
180     0.0250  0.0250  0.0250  0.0250  0.0250  0.0250  0.0250  0.0250   
185     0.0550  0.0550  0.0550  0.0550  0.0550  0.0550  0.0550  0.0550   
190     0.1400  0.1400  0.1400  0.1400  0.1400  0.1400  0.1400  0.1400   
195     0.2300  0.2300  0.2300  0.2300  0.2300  0.2300  0.2300  0.2300   
200     0.3200  0.3200  0.3200  0.3200  0.3200  0.3200  0.3200  0.3200   
205     0.4200  0.4200  0.4200  0.4200  0.4200  0.4200  0.4200  0.4200   
210     0.5750  0.5750  0.5750  0.5750  0.5750  0.5750  0.5750  0.5750   
215     0.7550  0.7550  0.7550  0.7550  0.7550  0.7550  0.7550  0.7550   
220     0.9250  0.9250  0.9250  0.9250  0.9250  0.9250  0.9250  0.9250   
225     1.0850  1.0850  1.0850  1.0850  1.0850  1.0850  1.0850  1.0850   
230     1.2250  1.2250  1.2250  1.2250  1.2250  1.2250  1.2250  1.2250   
235     1.3500  1.3500  1.3500  1.3500  1.3500  1.3500  1.3500  1.3500   
240     1.4650  1.4650  1.4650  1.4650  1.4650  1.4650  1.4650  1.4650   
245     1.5550  1.5550  1.5550  1.5550  1.5550  1.5550  1.5550  1.5550   
250     1.6350  1.6350  1.6350  1.6350  1.6350  1.6350  1.6350  1.6350   
255     1.7000  1.7000  1.7000  1.7000  1.7000  1.7000  1.7000  1.7000   
260     1.7500  1.7500  1.7500  1.7500  1.7500  1.7500  1.7500  1.7500   
265     1.7800  1.7800  1.7800  1.7800  1.7800  1.7800  1.7800  1.7800   
270     1.8000  1.8000  1.8000  1.8000  1.8000  1.8000  1.8000  1.8000   
275     1.8000  1.8000  1.8000  1.8000  1.8000  1.8000  1.8000  1.8000   
280     1.7800  1.7800  1.7800  1.7800  1.7800  1.7800  1.7800  1.7800   
285     1.7350  1.7350  1.7350  1.7350  1.7350  1.7350  1.7350  1.7350   
290     1.6650  1.6650  1.6650  1.6650  1.6650  1.6650  1.6650  1.6650   
295     1.5750  1.5750  1.5750  1.5750  1.5750  1.5750  1.5750  1.5750   
300     1.4700  1.4700  1.4700  1.4700  1.4700  1.4700  1.4700  1.4700   
305     1.3450  1.3450  1.3450  1.3450  1.3450  1.3450  1.3450  1.3450   
310     1.2150  1.2150  1.2150  1.2150  1.2150  1.2150  1.2150  1.2150   
315     1.0750  1.0750  1.0750  1.0750  1.0750  1.0750  1.0750  1.0750   
320     0.9200  0.9200  0.9200  0.9200  0.9200  0.9200  0.9200  0.9200   
325     0.7450  0.7450  0.7450  0.7450  0.7450  0.7450  0.7450  0.7450   
330     0.5700  0.5700  0.5700  0.5700  0.5700  0.5700  0.5700  0.5700   
333     0.4600  0.4600  0.4600  0.4600  0.4600  0.4600  0.4600  0.4600   
334     0.4320  0.4320  0.4320  0.4320  0.4320  0.4320  0.4320  0.4320   
335     0.4050  0.4050  0.4050  0.4050  0.4050  0.4050  0.4050  0.4050   
336     0.3790  0.3790  0.3790  0.3790  0.3790  0.3790  0.3790  0.3790   
337     0.3540  0.3540  0.3540  0.3540  0.3540  0.3540  0.3540  0.3540   
338     0.3290  0.3290  0.3290  0.3290  0.3290  0.3290  0.3290  0.3290   
339     0.3050  0.3050  0.3050  0.3050  0.3050  0.3050  0.3050  0.1770   
340     0.2820  0.2820  0.2820  0.2820  0.2820  0.2820  0.1660  0.0257   
341     0.2600  0.2600  0.2600  0.2600  0.2600  0.1550  0.0265  0.0234   
342     0.2380  0.2380  0.2380  0.2380  0.1450  0.0288  0.0240  0.0213   
343     0.2170  0.2170  0.2170  0.1340  0.0303  0.0261  0.0218  0.0194   
344     0.1960  0.1970  0.1240  0.0297  0.0275  0.0237  0.0198  0.0176   
345     0.1770  0.1770  0.0312  0.0269  0.0249  0.0215  0.0180  0.0161   
346     0.1580  0.1040  0.0283  0.0244  0.0225  0.0195  0.0164  0.0147   
347     0.1400  0.0302  0.0257  0.0221  0.0205  0.0177  0.0149  0.0134   
348     0.1230  0.0281  0.0233  0.0200  0.0186  0.0161  0.0136  0.0123   
349     0.0760  0.0256  0.0211  0.0182  0.0168  0.0146  0.0124  0.0114   
350     0.0277  0.0233  0.0191  0.0164  0.0152  0.0133  0.0113  0.0103   
351     0.0255  0.0212  0.0173  0.0149  0.0138  0.0121  0.0102  0.0096   
352     0.0234  0.0193  0.0157  0.0135  0.0126  0.0108  0.0095  0.0090   
353     0.0214  0.0176  0.0143  0.0122  0.0111  0.0098  0.0089  0.0086   
354     0.0197  0.0160  0.0126  0.0108  0.0101  0.0090  0.0084  0.0081   
355     0.0181  0.0142  0.0114  0.0098  0.0091  0.0083  0.0080  0.0077   
356     0.0168  0.0132  0.0105  0.0089  0.0083  0.0078  0.0075  0.0074   
357     0.0156  0.0124  0.0098  0.0083  0.0079  0.0075  0.0073  0.0071   
358     0.0151  0.0120  0.0094  0.0080  0.0076  0.0072  0.0070  0.0069   
359     0.0148  0.0117  0.0092  0.0078  0.0075  0.0071  0.0069  0.0068   

---------------------------------------------------------------------